139.34
-77.05
83.96
10.88
62.09
-58.26
110.56
139.54
-37.49
122.85
116.06
12.81
87.64
-31.7
-36.8
138.67
55.74
-43.17
-132.93
18.43
9.63
126.88
94.34
27.02
172.45
11.35
48.01
57.52
116.84
-76.05
14.67
172.64
41.08
-7.15
3.49
-13.52
120.12
-109.42
-63.04
53.34
-102.4
-84.38
-117.41
20.7
12.55
148.91
-2.18
99.9
34.94
-21.08
-139.36
-43.6
-53.4
-38.45
134.82
-65.25
24.76
116.39
16.34
30.74
111.18
-97.53
-36.38
-112.44
-94.74
-126.79
-118.82
143.62
-46.53
95.71
-34.23
-110.76
58.33
-78.42
-45.04
62.45
22.08
92.54
55.17
4.5
103.62
-28.2
-55.47
-45.37
-121.91
59.23
110.51
-18.78
86.39
-39.94
-48.37
-62.98
-61.72
-1.11
-147.6
110.66
26.92
-74.36
22.31
-46.97
41.5
-43.81
31.21
121.49
125.34
-112.08
24.05
-22.58
-18.84
-105.45
10.44
40.01
-16.61
51.29
-149.41
-106.55
37.7
-99.1
-62.44
67.24
119.91
26.84
-45.63
25.32
-127.29
62.81
-34.17
128.34
-118.09
20.2
-87.04
32.3
44.38
17.93
131.38
77.43
-56.88
53.37
-55.41
96.49
-81.39
141.83
-97.33
-97.58
-112.65
169.41
129.84
144.69
167.52
114.4
23.65
-70.24
51.7
-18.01
-38.82
53.09
25.17
107.68
97.18
46.2
92.93
-136.85
-141.58
-147.85
113.78
7.66
100.52
-96.36
175.34
165.11
62.8
-68.65
27.05
-53.31
-65.26
106.94
-135.2
114.31
-141.22
-66.69
173.46
-147.01
-42.74
124.94
-27.98
-17.67
72.56
-58.4
14.88
-16.91
-124.1
133.68
135.84
-20.07
0.12
30.18
-90.14
143.6
-63.31
-89.49
